"","latitude","longitude"
"1",51.538967,-0.142865
"2",51.539181,-0.142372
"3",51.539482,-0.142071
"4",51.539707,-0.141749
"5",51.539902,-0.141428
